tRNS_color = [0,0,255]./255;
tDCS_color = [255,0,0]./255;
Sham_color = [0,192,0]./255;